0.2488541207888896
0.2324255376661007
0.21161747294110936
0.2121620774000023
0.20159468077879097
0.2158368554183933
0.20967801955588808
0.2202791272270597
0.2100634322836584
0.20729674980257148
0.21727721418680268
0.20181981392363138
0.20977398540892625
0.21004024135326313
0.20958610123351887
0.21640054944488035
0.2005325050987214
0.2098056336454316
0.21747727122929192
0.21131160472749036
0.23228988655218713
0.21717158453604873
0.20186790644221822
0.21580564587562032
0.20967596707231076
0.21263017272238052
0.2051187068327045
0.20219959814887625
0.20226199501429104
0.21997556971354684
0.20559923803299943
0.23185156439185514
0.21679552228300808
0.2097039767794611
0.21145866607875585
0.20513886932831152
0.21147914376380872
0.2003955926626381
0.20735886569556888
0.2074708907220799
0.2127081566521812
0.20744610355140644
0.20754687590134177
0.21169768636163455
0.23218860193804244
0.2051653181920361
0.20924967236601363
0.20043506149983248
0.23226411206589936
0.20260639690947266
0.20535228661024596
0.20941091563071143
0.2157036052971906
0.21154674474370042
0.20075190366405274
0.20025498032587127
0.22019974806460832
0.22039620274879215
0.21105744576702498
0.21585634958406957
0.2073265504660111
0.20919619961473437
0.20146182970485363
0.2173410101980586
0.2203252636135353
0.23224548625226574
0.20562650288740075
0.2174776393320818
0.22025115880483914
0.21173976689986004
0.2119010479366175
0.2174954211013909
0.2099648013272302
0.220210689407592
0.2202703842582542
0.22014605888708255
0.22034888385804918
0.22035817164481503
0.220039658958979
0.21157428724222033
0.21114771377509958
0.21130157220968945
0.21149355079183904
0.21155307261674577
0.21125483062955563
0.23370403976476095
0.23369775680364327
0.23358293852960602
0.2337698051690536
0.23369476475994602
0.23351779345003643
0.20800908435655582
0.20771588690063003
0.20791509488864582
0.208056856270609
0.20801291416340453
0.20770020738947484
0.20975486119892686
0.2099788638344443
0.20990287428928597
0.20975077129542652
0.20974446677927872
0.20995516784908339
0.2188597178617608
0.21944149178454342
0.2187781882354061
0.2187697393052951
0.21892736151136985
0.21940961824318309
0.19857596905889496
0.19782287618099237
0.1980836969608527
0.19782181682630795
0.1978168107642342
0.19820271334123493
0.20256569699827492
0.20216448452159339
0.20257687516645206
0.2020375626466104
0.2024866747091705
0.20231305049564116
0.21863298580204765
0.21844174431757094
0.2184502851853459
0.21813154635746465
0.21849305414654244
0.21818226901022583
0.21850424597399828
0.21836391967695237
0.2183777493589732
0.2183658889490032
0.21852408015812683
0.21827240607795545
0.22344525058353737
0.22349142404472977
0.22336160854250234
0.22332574798811083
0.22350907941675097
0.2234147595737169
0.2013923801199524
0.20058050578893294
0.20215333736530375
0.20024996315835952
0.2008561568371485
0.20040340389115424
0.23170373494428964
0.23125477426730098
0.23113904872719362
0.2311049929598483
0.23098622760076057
0.23171915616311833
0.21730180899219198
0.21748291989330737
0.21711991397579725
0.21719538696927593
0.21747502314222994
0.2174729894997814
0.2104960257992936
0.2090337195794922
0.21050638131941563
0.210009463822388
0.20892343503992206
0.2099842630454038
0.2082773440270779
0.20849334127030952
0.20840873231732596
0.20849563313416689
0.20850753100758718
0.20836039961039649
0.20338075241479328
0.2032075480059706
0.2028712731011588
0.20298149156763853
0.2033361731216047
0.2033021975309074
0.20492797848229763
0.2048969882636947
0.20522485533070411
0.20473636806271736
0.2049505510836945
0.20508094654912137
0.23519727451797826
0.23542782360889256
0.23494886289078765
0.23508290427206527
0.23527796170083623
0.23535761964060822
0.20701144366431504
0.2070537618809772
0.20752549873520504
0.20698531055097943
0.20716601936353682
0.20743482457205947
0.22779821732244523
0.22766805096363524
0.22810656055860173
0.2276331849841697
0.22784162518602874
0.22737324582950283
0.20476898870063992
0.2044554854153894
0.20457654987946194
0.20454571780658212
0.2048683997918103
0.2044143958062885
0.2024857865143841
0.20260649754679227
0.202573110909215
0.2026108115995629
0.20248042196281119
0.20265870596103686
0.22079858062206037
0.21956144486203474
0.2204875425727892
0.22001823661579323
0.22016376663745096
0.21997550894201703
0.21936383434798223
0.22003987154697907
0.22093713558370867
0.22080914263338303
0.22084662223699106
0.2208699389934105
0.2082478233452233
0.2069978916158156
0.2086524163470529
0.20780967552395818
0.20803462314210464
0.20722518187092678
0.2069241750162833
0.20687201179407674
0.20680418224027164
0.2069256099727165
0.2070328288496513
0.20696869152513547
0.21654776815786075
0.21691364018380643
0.2170289513232801
0.2168668405869007
0.21635443660139372
0.21650166949809502
0.21807441428419644
0.21778216550112262
0.21811301930451857
0.21786845442267877
0.2176502340343169
0.21784416379828017
0.2108954784814493
0.21063935657650446
0.2104823789274724
0.21050151970247463
0.210977216570999
0.2104069552332488
0.2118308459883458
0.2120444369319157
0.2123197123905984
0.21288692669022546
0.21187993869922406
0.21294944907775137
0.2125726788498771
0.2116271182294017
0.21249574116125836
0.2115045285249924
0.21132790802656307
0.21221761958029706
0.20232542691616548
0.20147012463939856
0.20216575507331933
0.20149671339099973
0.20206339004525342
0.2019581359156069
0.2068896413699363
0.2063184546498905
0.20642044022520262
0.2075489742074552
0.2072958649135873
0.20734466990438166
0.23226030093189215
0.23171927126508443
0.23176983817956376
0.2323731115165447
0.2322694856936809
0.2315959053737991
0.2057570017130747
0.20567256226682784
0.20551859472623485
0.20549657823848008
0.2058046498928973
0.20551314100983065
0.20365278113989255
0.20268248005467163
0.20353871371189494
0.20301055163297713
0.2033421342591508
0.2031114858209848
0.21350530304782334
0.21363019606479983
0.21279878738629907
0.21351821175915897
0.21292700731847586
0.21366118322706196
0.2282754811618261
0.22843174101732858
0.22829983150762542
0.22848727541947703
0.22848646214831028
0.22862751402150808
0.21399832238004116
0.2141334552396812
0.2141079563334059
0.2139880016293625
0.21409102621646336
0.21411666077121272
